{
 "cells": [
  {
   "cell_type": "code",
   "execution_count": 5,
   "id": "249d9d36",
   "metadata": {},
   "outputs": [
    {
     "name": "stdout",
     "output_type": "stream",
     "text": [
      "Number of tokens in each document:\n",
      "Jerry Decided To Buy a Gun.txt: 302 tokens\n",
      "Rentals at the Oceanside Community.txt: 376 tokens\n",
      "Gasoline Prices Hit Record High.txt: 292 tokens\n",
      "Cloning Pets.txt: 262 tokens\n",
      "Crazy Housing Prices.txt: 390 tokens\n",
      "Man Injured at Fast Food Place.txt: 170 tokens\n",
      "A Festival of Books.txt: 307 tokens\n",
      "Food Fight Erupted in Prison.txt: 222 tokens\n",
      "Better To Be Unlucky.txt: 356 tokens\n",
      "Sara Went Shopping.txt: 165 tokens\n",
      "Freeway Chase Ends at Newsstand.txt: 335 tokens\n",
      "Trees Are a Threat.txt: 335 tokens\n",
      "A Murder-Suicide.txt: 398 tokens\n",
      "Happy and Unhappy Renters.txt: 313 tokens\n",
      "Pulling Out Nine Tons of Trash.txt: 293 tokens\n",
      "Total number of tokens in the entire collection: 4516\n",
      "Number of unique tokens in the entire collection: 1475\n",
      "Number of tokens in each document after removing stop words:\n",
      "Jerry Decided To Buy a Gun.txt: 136 tokens\n",
      "Rentals at the Oceanside Community.txt: 193 tokens\n",
      "Gasoline Prices Hit Record High.txt: 150 tokens\n",
      "Cloning Pets.txt: 122 tokens\n",
      "Crazy Housing Prices.txt: 182 tokens\n",
      "Man Injured at Fast Food Place.txt: 90 tokens\n",
      "A Festival of Books.txt: 165 tokens\n",
      "Food Fight Erupted in Prison.txt: 116 tokens\n",
      "Better To Be Unlucky.txt: 172 tokens\n",
      "Sara Went Shopping.txt: 89 tokens\n",
      "Freeway Chase Ends at Newsstand.txt: 159 tokens\n",
      "Trees Are a Threat.txt: 169 tokens\n",
      "A Murder-Suicide.txt: 187 tokens\n",
      "Happy and Unhappy Renters.txt: 156 tokens\n",
      "Pulling Out Nine Tons of Trash.txt: 164 tokens\n",
      "Total number of tokens in the entire collection after removing stop words: 2250\n",
      "Number of unique tokens in the entire collection after removing stop words: 1326\n",
      "TF-IDF Matrix:\n",
      "[[0.         0.03680481 0.         ... 0.         0.         0.        ]\n",
      " [0.         0.03178339 0.         ... 0.         0.         0.        ]\n",
      " [0.         0.         0.07142847 ... 0.         0.         0.0620236 ]\n",
      " ...\n",
      " [0.         0.         0.         ... 0.         0.         0.        ]\n",
      " [0.         0.         0.         ... 0.         0.         0.        ]\n",
      " [0.         0.         0.         ... 0.         0.         0.        ]]\n",
      "Cosine Similarity Matrix:\n",
      "[[1.         0.05333519 0.04759814 0.03603771 0.07037399 0.09409098\n",
      "  0.05575282 0.0254604  0.03920851 0.0625272  0.03913447 0.02481109\n",
      "  0.08674685 0.0694597  0.06397718]\n",
      " [0.05333519 1.         0.0478978  0.01826014 0.06686765 0.04439379\n",
      "  0.0967798  0.04375897 0.03236334 0.01882887 0.029094   0.06307101\n",
      "  0.07719559 0.10713778 0.0853535 ]\n",
      " [0.04759814 0.0478978  1.         0.02332013 0.10219899 0.05718802\n",
      "  0.05070035 0.01778412 0.02783499 0.05216823 0.03262522 0.04516425\n",
      "  0.09121227 0.03326993 0.04015156]\n",
      " [0.03603771 0.01826014 0.02332013 1.         0.06346931 0.04541256\n",
      "  0.03839961 0.01659594 0.04854771 0.02546449 0.00264413 0.04115327\n",
      "  0.04855055 0.02237809 0.03073008]\n",
      " [0.07037399 0.06686765 0.10219899 0.06346931 1.         0.04603659\n",
      "  0.0829648  0.03006285 0.07253301 0.05214578 0.01510865 0.10142665\n",
      "  0.12080674 0.0964729  0.05709894]\n",
      " [0.09409098 0.04439379 0.05718802 0.04541256 0.04603659 1.\n",
      "  0.05001542 0.01690136 0.01499247 0.02735224 0.0231691  0.01586125\n",
      "  0.05581454 0.04978417 0.03555886]\n",
      " [0.05575282 0.0967798  0.05070035 0.03839961 0.0829648  0.05001542\n",
      "  1.         0.05462838 0.03753653 0.01344814 0.07505113 0.05481003\n",
      "  0.09447087 0.06298408 0.06724288]\n",
      " [0.0254604  0.04375897 0.01778412 0.01659594 0.03006285 0.01690136\n",
      "  0.05462838 1.         0.0137655  0.01240238 0.02872424 0.03048414\n",
      "  0.07079327 0.0225104  0.04124595]\n",
      " [0.03920851 0.03236334 0.02783499 0.04854771 0.07253301 0.01499247\n",
      "  0.03753653 0.0137655  1.         0.02906372 0.04287437 0.06722818\n",
      "  0.03410111 0.04683304 0.04075483]\n",
      " [0.0625272  0.01882887 0.05216823 0.02546449 0.05214578 0.02735224\n",
      "  0.01344814 0.01240238 0.02906372 1.         0.01748669 0.0369262\n",
      "  0.0478454  0.02849687 0.03295305]\n",
      " [0.03913447 0.029094   0.03262522 0.00264413 0.01510865 0.0231691\n",
      "  0.07505113 0.02872424 0.04287437 0.01748669 1.         0.02586369\n",
      "  0.04532269 0.03832402 0.03936543]\n",
      " [0.02481109 0.06307101 0.04516425 0.04115327 0.10142665 0.01586125\n",
      "  0.05481003 0.03048414 0.06722818 0.0369262  0.02586369 1.\n",
      "  0.04404302 0.02941161 0.05728974]\n",
      " [0.08674685 0.07719559 0.09121227 0.04855055 0.12080674 0.05581454\n",
      "  0.09447087 0.07079327 0.03410111 0.0478454  0.04532269 0.04404302\n",
      "  1.         0.09656904 0.08144351]\n",
      " [0.0694597  0.10713778 0.03326993 0.02237809 0.0964729  0.04978417\n",
      "  0.06298408 0.0225104  0.04683304 0.02849687 0.03832402 0.02941161\n",
      "  0.09656904 1.         0.0613346 ]\n",
      " [0.06397718 0.0853535  0.04015156 0.03073008 0.05709894 0.03555886\n",
      "  0.06724288 0.04124595 0.04075483 0.03295305 0.03936543 0.05728974\n",
      "  0.08144351 0.0613346  1.        ]]\n"
     ]
    },
    {
     "name": "stderr",
     "output_type": "stream",
     "text": [
      "[nltk_data] Downloading package punkt to /Users/ansha/nltk_data...\n",
      "[nltk_data]   Package punkt is already up-to-date!\n",
      "[nltk_data] Downloading package stopwords to /Users/ansha/nltk_data...\n",
      "[nltk_data]   Package stopwords is already up-to-date!\n"
     ]
    }
   ],
   "source": [
    "import os\n",
    "import nltk\n",
    "from nltk.tokenize import word_tokenize\n",
    "from nltk.corpus import stopwords\n",
    "from sklearn.feature_extraction.text import TfidfVectorizer\n",
    "from sklearn.metrics.pairwise import cosine_similarity\n",
    "import string\n",
    "\n",
    "nltk.download('punkt')\n",
    "nltk.download('stopwords')\n",
    "\n",
    "documents_path = \"Documents\"\n",
    "\n",
    "if not os.path.exists(documents_path):\n",
    "    raise FileNotFoundError(f\"The specified path {documents_path} does not exist. Please provide the correct path.\")\n",
    "\n",
    "def read_file(filepath):\n",
    "    try:\n",
    "        with open(filepath, 'r', encoding='utf-8') as file:\n",
    "            return file.read()\n",
    "    except UnicodeDecodeError:\n",
    "        with open(filepath, 'r', encoding='latin-1') as file:\n",
    "            return file.read()\n",
    "\n",
    "# Tokenization\n",
    "all_tokens = []\n",
    "documents_tokens = {}\n",
    "\n",
    "for filename in os.listdir(documents_path):\n",
    "    if filename.endswith(\".txt\"):\n",
    "        filepath = os.path.join(documents_path, filename)\n",
    "        text = read_file(filepath)\n",
    "        tokens = word_tokenize(text)\n",
    "        documents_tokens[filename] = tokens\n",
    "        all_tokens.extend(tokens)\n",
    "\n",
    "total_tokens_count = len(all_tokens)\n",
    "unique_tokens_count = len(set(all_tokens))\n",
    "\n",
    "print(\"Number of tokens in each document:\")\n",
    "for doc, tokens in documents_tokens.items():\n",
    "    print(f\"{doc}: {len(tokens)} tokens\")\n",
    "\n",
    "print(f\"Total number of tokens in the entire collection: {total_tokens_count}\")\n",
    "print(f\"Number of unique tokens in the entire collection: {unique_tokens_count}\")\n",
    "\n",
    "# Stop Words Removal\n",
    "stop_words = set(stopwords.words('english'))\n",
    "documents_tokens_no_stopwords = {}\n",
    "\n",
    "for doc, tokens in documents_tokens.items():\n",
    "    filtered_tokens = [token for token in tokens if token.lower() not in stop_words and token not in string.punctuation]\n",
    "    documents_tokens_no_stopwords[doc] = filtered_tokens\n",
    "\n",
    "all_tokens_no_stopwords = [token for token in all_tokens if token.lower() not in stop_words and token not in string.punctuation]\n",
    "total_tokens_no_stopwords_count = len(all_tokens_no_stopwords)\n",
    "unique_tokens_no_stopwords_count = len(set(all_tokens_no_stopwords))\n",
    "\n",
    "print(\"Number of tokens in each document after removing stop words:\")\n",
    "for doc, tokens in documents_tokens_no_stopwords.items():\n",
    "    print(f\"{doc}: {len(tokens)} tokens\")\n",
    "\n",
    "print(f\"Total number of tokens in the entire collection after removing stop words: {total_tokens_no_stopwords_count}\")\n",
    "print(f\"Number of unique tokens in the entire collection after removing stop words: {unique_tokens_no_stopwords_count}\")\n",
    "\n",
    "\n",
    "# Compute TF-IDF\n",
    "documents_texts = [\" \".join(tokens) for tokens in documents_tokens_no_stopwords.values()]\n",
    "vectorizer = TfidfVectorizer()\n",
    "tfidf_matrix = vectorizer.fit_transform(documents_texts)\n",
    "\n",
    "print(\"TF-IDF Matrix:\")\n",
    "print(tfidf_matrix.toarray())\n",
    "\n",
    "# Compute Cosine Similarity\n",
    "cosine_sim_matrix = cosine_similarity(tfidf_matrix)\n",
    "\n",
    "print(\"Cosine Similarity Matrix:\")\n",
    "print(cosine_sim_matrix)\n"
   ]
  },
  {
   "cell_type": "code",
   "execution_count": null,
   "id": "eabcfe70",
   "metadata": {
    "scrolled": false
   },
   "outputs": [],
   "source": []
  },
  {
   "cell_type": "code",
   "execution_count": null,
   "id": "fa55c51e",
   "metadata": {},
   "outputs": [],
   "source": []
  },
  {
   "cell_type": "code",
   "execution_count": null,
   "id": "a13eb573",
   "metadata": {},
   "outputs": [],
   "source": []
  }
 ],
 "metadata": {
  "kernelspec": {
   "display_name": "Python 3 (ipykernel)",
   "language": "python",
   "name": "python3"
  },
  "language_info": {
   "codemirror_mode": {
    "name": "ipython",
    "version": 3
   },
   "file_extension": ".py",
   "mimetype": "text/x-python",
   "name": "python",
   "nbconvert_exporter": "python",
   "pygments_lexer": "ipython3",
   "version": "3.9.12"
  }
 },
 "nbformat": 4,
 "nbformat_minor": 5
}
